000100000000,
000000000000,
000100000000,
000100000000,
000100000000,
000000000000,
000100000000,
000100000000,
000000000000,
000000000000,
000000000000,
000100000000,
000100000000,
000100000000,
000100000000,
000000000000,
000000000000,
000000000000,
000000000000,
000000000000,
000000000000,
000000000000,
000100000000,
000000000000,
000000000000,
000100000000,
000100000000,
000000000000,
000000000000,
000000000000,
000100000000,
000100000000,
000000000000,
000000000000,
000100000000,
000000000000,
000100000000,
000000000000,
000000000000,
000100000000,
