000010101110,
000100001001,
000011000010,
111101100110,
111010110101,
111010100100,
111101110100,
000010000010,
000000111100,
111110011000,
000010011100,
111000110110,
000010000111,
111011100100,
000011001110,
111111000011,
110110111011,
110111000111,
110110010001,
111010000011,
111100001010,
111110011011,
111101101010,
111111111101,
000010110000,
000011000011,
000001000101,
111100011101,
000010010011,
111110010011,
111010001101,
000011111001,
001001110010,
111100110011,
000000000100,
000100111011,
110011101110,
110111100011,
111100110001,
000011001100,
001011000011,
001011110110,
000011110100,
111111100100,
111101001110,
110111111000,
111001100111,
111011111110,
111110001001,
000010011000,
111010001101,
111111011010,
000011000101,
000011001111,
111010011000,
000011001011,
000010101000,
111101001101,
000001100010,
000001110100,
000010001101,
000010111001,
000100101011,
000000010101,
000000101011,
111100100011,
000000111100,
111010100111,
111101001110,
110011101001,
000000010010,
111010111101,
111101011111,
111011001000,
111000010000,
000001010001,
000100001110,
111110100011,
000001001010,
000100000001,
000001100000,
000100111000,
000111100110,
111011010010,
111011011111,
000101000000,
111111011001,
000001111010,
000110010001,
111101011101,
111100000111,
000000010111,
111101100000,
000001010110,
000000100001,
110110000011,
111101101100,
111101000010,
110010111000,
111000101111,
111101100110,
111011000110,
000000101110,
111000101110,
110110111011,
111100010010,
111110010100,
111001110001,
111100000101,
000011001001,
111111110101,
000000001111,
000100111011,
000111010100,
111100100000,
111110000011,
000000010110,
000010101100,
000101011000,
000010010001,
111011110010,
111111100001,
111110000101,
111010010111,
111111011000,
111101100100,
000010100011,
111101100000,
000011000100,
111010110000,
101110001000,
100010011110,
100000000110,
101011110011,
100000000100,
111010000010,
000000101001,
110110100010,
111001111001,
111000110001,
000010110011,
111101011111,
001100000001,
000011010000,
000011010001,
111111010111,
111110110000,
000011010001,
000001001110,
000000010110,
000101010000,
000010011000,
111001001010,
111011011001,
111010011111,
111010111110,
100011110100,
110010111100,
001111100111,
001010101000,
010101011000,
001100101100,
110111011101,
010000110001,
111011010111,
111010110101,
000001001111,
000001101111,
111000100001,
111011100000,
111110100001,
000010001011,
000000110110,
000011011100,
111010100110,
111101011000,
110111010110,
111111000111,
111001001111,
110011110011,
111000000000,
000000010101,
011001010110,
101000110111,
011010011100,
011100000110,
001001010101,
101111101110,
010000111001,
111101101101,
010100010100,
000100100100,
111101110000,
111100100111,
000000110000,
000010101000,
000001110110,
000001001100,
000010010111,
111110110001,
000010110000,
000010011111,
111001110001,
111101101100,
000000100010,
111101000011,
111001110010,
111011001110,
000011101110,
001100111110,
010000101000,
111000011101,
011110010011,
111111011001,
011011001111,
100011001001,
100111001001,
101100011111,
111011111110,
001111011000,
000001011110,
000100110010,
000010101010,
000000010110,
000100011011,
001001000110,
000001100001,
000111001101,
110111101001,
000010010110,
111110101111,
111100111010,
000111111111,
001000101000,
111000010010,
100001000100,
010100101101,
101000001100,
111011010000,
001111111011,
011011001101,
001010100001,
010011100010,
101001110010,
100111000010,
101111101110,
010001111010,
110110111001,
001011000111,
000100101100,
000001110000,
000100010111,
111100111010,
111000100111,
111011111011,
110001101110,
111111111001,
111111101110,
111011010111,
111100100101,
110110111000,
011101110111,
101000101100,
111010011110,
110000101110,
110011000010,
010101011101,
110110010011,
101010111011,
110111111111,
111011101010,
000110010010,
000111101011,
110100101111,
011111010111,
100111101000,
100110001000,
111000110100,
000010100000,
000010100000,
000000111000,
111000101010,
000000010111,
111110110000,
111010011000,
000000000110,
001000100111,
000000110011,
110001001111,
010110110111,
011011001011,
000011001001,
001011111011,
101001110101,
111011010110,
001111101110,
011110100101,
001000100010,
111100110111,
011001110111,
101101001010,
101101100000,
101100001111,
000111100001,
110110101111,
000110001011,
000011011011,
111100001111,
111010111011,
111001010101,
000010010110,
111100101110,
111000110001,
010001101011,
111101000001,
101000101011,
000111100100,
101011101010,
001101000010,
001100001010,
010010010101,
000110001110,
100101110001,
111011100001,
100111101101,
001010111011,
011100100111,
101010101110,
101110111100,
101111010011,
110011010100,
011011000011,
100011000110,
111101101100,
000111000001,
001010110100,
110111111111,
110101001000,
101001111110,
110110011101,
011101110110,
101001011010,
011001110110,
011010001011,
011011101101,
101001011001,
111111010011,
110101101000,
111101011001,
001011100010,
010100110010,
011001010000,
111110100001,
100100100011,
000010111011,
101101010010,
111101100111,
011110011100,
101101010011,
101010110111,
000100011000,
000110100001,
000000111110,
000001010011,
111110000010,
000110111111,
000000101111,
111101010111,
100010011111,
110101101110,
001111111010,
100010110101,
101111100010,
101000110000,
100111111001,
010010010111,
000010110101,
100000111110,
100101000100,
011100001110,
101101010101,
101011001101,
001000101010,
111110110100,
001110111111,
000110111101,
101010100111,
000110010101,
011000100110,
000110000100,
111101110001,
000100000101,
110011111110,
111010001001,
111101110101,
111110010011,
011010101001,
111010111101,
101101111000,
011110011100,
001100110010,
000000100011,
000110110101,
101011101111,
001000101110,
100011001111,
100001001111,
010001101001,
000101111011,
000101111101,
111000100101,
100110011101,
011010100111,
101101000011,
110100011011,
101010011111,
000110010111,
111011100001,
000100011011,
000010010111,
111011111100,
110011111000,
000001001010,
110111011011,
011001000111,
000001000100,
010001011010,
111011010111,
110011100101,
000001011100,
000010101010,
010101101101,
110101001101,
011011011010,
010010100010,
100011000111,
001101100111,
100111111111,
010100000101,
001111110001,
000000100000,
000110110010,
101000100111,
100110000010,
001000111001,
000000000000,
000100001110,
001001100101,
000111101110,
111110011111,
001100110000,
111111100010,
111010001110,
001100001000,
111010100100,
000001100001,
001111110001,
011100111111,
111101011001,
000100000011,
111110011101,
001010101111,
111001010100,
100001011110,
100010111001,
010000101101,
110100011111,
100111010101,
000001001001,
011101000111,
110011010000,
011100101101,
110000011111,
000001001111,
111100001010,
000100100110,
111101111011,
111011011101,
111110010111,
001011111110,
111010001010,
111010000011,
101110001100,
001011010010,
100011011101,
010110111011,
101111110101,
010000010100,
001101000111,
100000100100,
001111100010,
010111101001,
000010010001,
001010100010,
111100011000,
100111101011,
011110010101,
011110110011,
011011110111,
010001001010,
110001101010,
000110100111,
111111010100,
111111110110,
111011111000,
110101101100,
000000110101,
001110010010,
100011001011,
110001101101,
101111111100,
111101111001,
100101010011,
001001010011,
011010110000,
110111110010,
001101110100,
111111001010,
010101110110,
100101101101,
111111111110,
001000110101,
100001010101,
011101111101,
111010100001,
101101011011,
001110010010,
111001010100,
000100111100,
111111000010,
000001101110,
111100010011,
000011100010,
111101110100,
000001101100,
110110101000,
011011101010,
111010010111,
001100110101,
000000111100,
010100001000,
000000110111,
001001110100,
001001101100,
110101110110,
101011011010,
110010001111,
111111110101,
010010110000,
101110010011,
101110000100,
001111111111,
110101000011,
010001000000,
111011110010,
111111010111,
000010110000,
000010110011,
000011000111,
000111000100,
000011111000,
111101110001,
111100000001,
111000010100,
100111000110,
100100011011,
010110110001,
111001110101,
111111000010,
101010100101,
000010000111,
001101000110,
110101010111,
100101010011,
111000001110,
001111011000,
010001111010,
100110110101,
001110110011,
100100011000,
110101111111,
111010101100,
111011011100,
000001111100,
000111011011,
000011111111,
000000011010,
111000100101,
111111101110,
110011011011,
001100010100,
111111100100,
000011010000,
111010110101,
010000110011,
101111111100,
011110010111,
000111011100,
110100010101,
111101100110,
001001111000,
000110101000,
111110001110,
010011111010,
011001101010,
100011011010,
101100110010,
110010100010,
111000011000,
110011100001,
110010101011,
000000100111,
000000111100,
000001010010,
111101100100,
111110110101,
000001010011,
000001000010,
111101001100,
100011011010,
001101000000,
001100100011,
010001100010,
111110101101,
101011010000,
100001100100,
010101111001,
101000000111,
001110010001,
010110100101,
000100000110,
111010011000,
010100010010,
111011110100,
111100100110,
111101110111,
110100011110,
111001100010,
110111010010,
101100000000,
111111110101,
000000011011,
000011110101,
000011110111,
000010010100,
110100000100,
111001101100,
100000101100,
001010000010,
010010000110,
100011001010,
000111000010,
010000100110,
011100101011,
100110010010,
100011110100,
101110100101,
000011101101,
100100111110,
000100110011,
111001111011,
110000111101,
111110010111,
111000000110,
000100011101,
111010001101,
111011100010,
101110110000,
000110001100,
111100010011,
111110111000,
000011010101,
111100011111,
111011110000,
111011010100,
110011001111,
111000000001,
111101100110,
011101110001,
001110001010,
110011010101,
111011111101,
000110001110,
000010100001,
111011011001,
111111001100,
000011011100,
000110001111,
000001001111,
111100101111,
000100111010,
111011011110,
000011100010,
000000101110,
111101100001,
111000000010,
111100001100,
000001000010,
000100110011,
000100011100,
111000000011,
111110100101,
111101011110,
111001011100,
000000101000,
000000101110,
111100001011,
111110110011,
111010001111,
111101000001,
000011101111,
111011001011,
111101100100,
111011000001,
000010100101,
111011001001,
111001001101,
111111010110,
010010011100,
010000000011,
111101101100,
000011010011,
000110011101,
001101000111,
000110011101,
111101100110,
000100001010,
111111000001,
110111110100,
111110100101,
000001011011,
000111010110,
000011100110,
111111100001,
000001101100,
111101111100,
111010110000,
111101010000,
111011010001,
000011011011,
111110001101,
111010111111,
111111001011,
111100001000,
000000010000,
000101101101,
001001001110,
111101000010,
111110100000,
000100001101,
000000011101,
111101111101,
000100000110,
111010010101,
001010001100,
111110100100,
111110100111,
111011001011,
111010001011,
000011010010,
111111001010,
111111011011,
000000000000,
000010110010,
000110111101,
000010101010,
000010110000,
000011111101,
000011000110,
111011011010,
111110111100,
111001100000,
000011010101,
000111100111,
000110010101,
000011101100,
111100100000,
000000110011,
000000101110,
111111011110,
000011011110,
000101010000,
111111000000,
111111101110,
