00000000000001010100010100011011,
11111111111111110100000000000000,
00000000000001000111010111110111,
00000000000001011001111100100000,
00000000000001100111011110000010,
11111111111111110011100000000000,
00000000000001010001101001101001,
00000000000001001100101101010111,
11111111111111101000000000000000,
11111111111111100100000000000000,
11111111111111100001000000000000,
00000000000000000110110000010101,
00000000000001010110101001000101,
00000000000000011010110001010101,
00000000000000011111110010011001,
11111111111101111010100000000000,
11111111111111110010000000000000,
11111111111111111001000000000000,
11111111111111100111000000000000,
11111111111111100000000000000000,
11111111111111001001000000000000,
11111111111101110001000000000000,
00000000000001011001011011111110,
11111111111110011011000000000000,
11111111111101100101100000000000,
00000000000010001011011010001001,
00000000000000110011010001010110,
11111111111111010010000000000000,
11111111111111101000000000000000,
11111111111101101001000000000000,
00000000000010001100111111111011,
00000000000000001101100011011010,
11111111111111011101000000000000,
11111111111111111010000000000000,
00000000000000100011110001101100,
11111111111111001100000000000000,
00000000000001101010011110010111,
11111111111100110010000000000000,
11111111111110110110000000000000,
00000000000000101100111010011101,
