00000000000001010011111111001100,
11111111111111110100000000000000,
00000000000001000111010011000011,
00000000000001011001101011101111,
00000000000001100111010101010011,
11111111111111110011000000000000,
00000000000001010001011111100111,
00000000000001001100101010000010,
11111111111111101000000000000000,
11111111111111100100000000000000,
11111111111111100001000000000000,
00000000000000000110100110001100,
00000000000001010110101001100111,
00000000000000011010101001101000,
00000000000000011111110000111101,
11111111111101111010000000000000,
11111111111111110010000000000000,
11111111111111111001000000000000,
11111111111111100111000000000000,
11111111111111100000000000000000,
11111111111111001001000000000000,
11111111111101110001000000000000,
00000000000001011001011101001011,
11111111111110011011000000000000,
11111111111101100101000000000000,
00000000000010001011010101111111,
00000000000000110011010110011010,
11111111111111010010000000000000,
11111111111111101000000000000000,
11111111111101101001100000000000,
00000000000010001100111111001100,
00000000000000001101100110011110,
11111111111111011101000000000000,
11111111111111111010000000000000,
00000000000000100011110110000000,
11111111111111001100000000000000,
00000000000001101010100001110001,
11111111111100110010000000000000,
11111111111110110110000000000000,
00000000000000101100111000010100,
